Using 1 threads
Info    : Reading '../resources/cylinder/c45.msh'...
Info    : 78171 nodes
Info    : 157480 elements
 20%    : Reading elements                                           20%    : Reading elements                                           40%    : Reading elements                                           40%    : Reading elements                                           60%    : Reading elements                                           60%    : Reading elements                                           80%    : Reading elements                                           80%    : Reading elements                                          100%    : Reading elements                                                                                    Info    : Done reading '../resources/cylinder/c45.msh'
0 1
0.01 0.743864
0.02 0.558184
0.03 0.424382
0.04 0.326374
0.05 0.250008
0.06 0.194644
0.07 0.152893
0.08 0.121643
0.09 0.0945546
0.1 0.075512
0.11 0.0592409
0.12 0.046814
0.13 0.0384021
0.14 0.030673
0.15 0.0249431
0.16 0.0195302
0.17 0.016328
0.18 0.013394
0.19 0.0107607
0.2 0.00904584
0.21 0.00764792
0.22 0.00564857
0.23 0.00497399
0.24 0.00425065
0.25 0.00362484
0.26 0.00303153
0.27 0.00251138
0.28 0.00222692
0.29 0.00205624
0.3 0.00177991
0.31 0.00138166
0.32 0.00125975
0.33 0.00135728
0.34 0.00102406
0.35 0.000828999
0.36 0.000837126
0.37 0.000682705
0.38 0.000642068
0.39 0.000642068
0.4 0.000609558
0.41 0.000455137
0.42 0.000430754
0.43 0.000422627
0.44 0.000414499
0.45 0.000406372
0.46 0.000235696
0.47 0.000308843
0.48 0.000227568
0.49 0.000260078
0.5 0.00028446
0.51 0.000251951
0.52 0.000178804
0.53 0.000203186
0.54 0.000203186
0.55 8.94018e-05
0.56 0.000186931
0.57 0.000162549
0.58 8.94018e-05
0.59 0.000113784
0.6 0.000113784
0.61 9.75293e-05
0.62 0.000154421
0.63 8.12744e-05
0.64 8.94018e-05
0.65 6.50195e-05
0.66 0.000113784
0.67 7.31469e-05
0.68 4.87646e-05
0.69 6.50195e-05
0.7 8.12744e-05
0.71 0.000138166
0.72 9.75293e-05
0.73 7.31469e-05
0.74 5.68921e-05
0.75 7.31469e-05
0.76 3.25098e-05
0.77 1.62549e-05
0.78 3.25098e-05
0.79 6.50195e-05
0.8 6.50195e-05
0.81 2.43823e-05
0.82 6.50195e-05
0.83 4.06372e-05
0.84 4.87646e-05
0.85 2.43823e-05
0.86 4.87646e-05
0.87 5.68921e-05
0.88 5.68921e-05
0.89 3.25098e-05
0.9 4.06372e-05
0.91 4.06372e-05
0.92 8.94018e-05
0.93 8.94018e-05
0.94 8.94018e-05
0.95 7.31469e-05
0.96 0.000170676
0.97 0.000138166
0.98 0.000178804
0.99 0.000308843
1 0.000512029

rti::triangle_geometry_from_gmsh ../resources/cylinder/c45.msh 1048576rays 5774255hits 701nonhits

