Using 1 threads
Info    : Reading '../resources/cylinder/c45.msh'...
Info    : 78171 nodes
Info    : 157480 elements
 20%    : Reading elements                                           20%    : Reading elements                                           40%    : Reading elements                                           40%    : Reading elements                                           60%    : Reading elements                                           60%    : Reading elements                                           80%    : Reading elements                                           80%    : Reading elements                                          100%    : Reading elements                                                                                    Info    : Done reading '../resources/cylinder/c45.msh'
0 1
0.01 0.742602
0.02 0.557426
0.03 0.423958
0.04 0.325421
0.05 0.251231
0.06 0.194866
0.07 0.152084
0.08 0.11951
0.09 0.0940419
0.1 0.074569
0.11 0.0592678
0.12 0.0471271
0.13 0.0377833
0.14 0.0303705
0.15 0.0244805
0.16 0.019843
0.17 0.0162464
0.18 0.0131458
0.19 0.0107891
0.2 0.00901759
0.21 0.00740994
0.22 0.00616462
0.23 0.00516586
0.24 0.00432604
0.25 0.00369558
0.26 0.00311285
0.27 0.00268919
0.28 0.00229563
0.29 0.00196541
0.3 0.0017129
0.31 0.00151205
0.32 0.00131628
0.33 0.00114147
0.34 0.00102225
0.35 0.000907485
0.36 0.000806935
0.37 0.000705497
0.38 0.000647097
0.39 0.000578668
0.4 0.000518363
0.41 0.000470374
0.42 0.000432033
0.43 0.000394581
0.44 0.000362969
0.45 0.000343798
0.46 0.000315106
0.47 0.000299363
0.48 0.00025988
0.49 0.000246549
0.5 0.000233219
0.51 0.000210621
0.52 0.000192974
0.53 0.000191704
0.54 0.000179263
0.55 0.000164663
0.56 0.000152475
0.57 0.000158188
0.58 0.000127845
0.59 0.00013305
0.6 0.000124671
0.61 0.000119974
0.62 0.000107024
0.63 0.000105755
0.64 0.000101946
0.65 9.24243e-05
0.66 8.97582e-05
0.67 8.39182e-05
0.68 8.48069e-05
0.69 8.02365e-05
0.7 6.75408e-05
0.71 7.40156e-05
0.72 6.27165e-05
0.73 6.08121e-05
0.74 6.4113e-05
0.75 5.99235e-05
0.76 6.1193e-05
0.77 5.26869e-05
0.78 5.23061e-05
0.79 5.67495e-05
0.8 5.40835e-05
0.81 4.72278e-05
0.82 4.78626e-05
0.83 4.86243e-05
0.84 4.62122e-05
0.85 4.49426e-05
0.86 4.16417e-05
0.87 4.04991e-05
0.88 4.73548e-05
0.89 4.59582e-05
0.9 4.87513e-05
0.91 5.23061e-05
0.92 5.62417e-05
0.93 6.25895e-05
0.94 6.74139e-05
0.95 8.53147e-05
0.96 9.55982e-05
0.97 0.000117054
0.98 0.000144857
0.99 0.000174311
1 0.000451076

rti::triangle_geometry_from_gmsh ../resources/cylinder/c45.msh 67108864rays 368912896hits 45206nonhits

