Using 1 threads
Info    : Reading '../resources/cylinder/c45.msh'...
Info    : 78171 nodes
Info    : 157480 elements
 20%    : Reading elements                                           20%    : Reading elements                                           40%    : Reading elements                                           40%    : Reading elements                                           60%    : Reading elements                                           60%    : Reading elements                                           80%    : Reading elements                                           80%    : Reading elements                                          100%    : Reading elements                                                                                    Info    : Done reading '../resources/cylinder/c45.msh'
0 1
0.01 0.380485
0.02 0.155757
0.03 0.0730159
0.04 0.0387311
0.05 0.0226711
0.06 0.0142642
0.07 0.00952982
0.08 0.00666173
0.09 0.00482211
0.1 0.00360489
0.11 0.00276649
0.12 0.00216185
0.13 0.00171922
0.14 0.00138332
0.15 0.00114611
0.16 0.000951951
0.17 0.00080271
0.18 0.000677316
0.19 0.000575049
0.2 0.000497119
0.21 0.000431654
0.22 0.000378293
0.23 0.00033325
0.24 0.000291658
0.25 0.000257509
0.26 0.000230442
0.27 0.000209891
0.28 0.000184215
0.29 0.000173398
0.3 0.000152074
0.31 0.000139352
0.32 0.000125651
0.33 0.000114629
0.34 0.000105847
0.35 9.7992e-05
0.36 8.79481e-05
0.37 7.96813e-05
0.38 7.31914e-05
0.39 7.08221e-05
0.4 6.43579e-05
0.41 6.07524e-05
0.42 5.88467e-05
0.43 5.31294e-05
0.44 4.8365e-05
0.45 4.51458e-05
0.46 4.34204e-05
0.47 4.03042e-05
0.48 3.74971e-05
0.49 3.42521e-05
0.5 3.36598e-05
0.51 3.15995e-05
0.52 2.91272e-05
0.53 2.76592e-05
0.54 2.73244e-05
0.55 2.4028e-05
0.56 2.48521e-05
0.57 2.35129e-05
0.58 2.08088e-05
0.59 2.01392e-05
0.6 2.03452e-05
0.61 1.80532e-05
0.62 1.86713e-05
0.63 1.80274e-05
0.64 1.692e-05
0.65 1.59156e-05
0.66 1.47825e-05
0.67 1.35978e-05
0.68 1.35721e-05
0.69 1.22587e-05
0.7 1.16148e-05
0.71 1.21556e-05
0.72 1.1383e-05
0.73 1.06104e-05
0.74 1.05589e-05
0.75 1.0868e-05
0.76 9.78632e-06
0.77 1.05847e-05
0.78 9.42577e-06
0.79 9.45153e-06
0.8 9.06522e-06
0.81 8.03508e-06
0.82 7.44275e-06
0.83 7.08221e-06
0.84 6.79892e-06
0.85 7.59728e-06
0.86 6.79892e-06
0.87 5.79453e-06
0.88 6.51563e-06
0.89 6.3096e-06
0.9 5.84604e-06
0.91 5.94905e-06
0.92 4.79015e-06
0.93 5.48549e-06
0.94 4.97042e-06
0.95 5.33097e-06
0.96 4.91891e-06
0.97 5.12494e-06
0.98 5.02193e-06
0.99 4.37809e-06
1 0.000216149

rti::triangle_geometry_from_gmsh ../resources/cylinder/c45.msh 67108864rays 67063779hits 45085nonhits

