Using 1 threads
Info    : Reading '../resources/cylinder/c45.msh'...
Info    : 78171 nodes
Info    : 157480 elements
 20%    : Reading elements                                           20%    : Reading elements                                           40%    : Reading elements                                           40%    : Reading elements                                           60%    : Reading elements                                           60%    : Reading elements                                           80%    : Reading elements                                           80%    : Reading elements                                          100%    : Reading elements                                                                                    Info    : Done reading '../resources/cylinder/c45.msh'
0 1
0.010101 0.377265
0.020202 0.153344
0.030303 0.0717045
0.040404 0.0379435
0.0505051 0.0222009
0.0606061 0.0139554
0.0707071 0.00930196
0.0808081 0.00650081
0.0909091 0.00471887
0.10101 0.00350837
0.111111 0.00268848
0.121212 0.00210782
0.131313 0.00167689
0.141414 0.00134685
0.151515 0.00111227
0.161616 0.000936929
0.171717 0.000786436
0.181818 0.000654492
0.191919 0.00055688
0.20202 0.000483094
0.212121 0.000423655
0.222222 0.000367803
0.232323 0.000322814
0.242424 0.000286382
0.252525 0.00024913
0.262626 0.000231043
0.272727 0.000200964
0.282828 0.000182518
0.292929 0.000166121
0.30303 0.000148699
0.313131 0.00013922
0.323232 0.000118673
0.333333 0.000111448
0.343434 0.000106836
0.353535 9.53582e-05
0.363636 8.81333e-05
0.373737 7.61943e-05
0.383838 7.30687e-05
0.393939 6.57413e-05
0.40404 6.13859e-05
0.414141 6.06173e-05
0.424242 5.47759e-05
0.434343 5.35461e-05
0.444444 4.62188e-05
0.454545 4.44766e-05
0.464646 4.20683e-05
0.474747 3.87377e-05
0.484848 3.49459e-05
0.494949 3.54583e-05
0.505051 3.48434e-05
0.515152 3.05905e-05
0.525253 2.79772e-05
0.535354 2.88483e-05
0.545455 2.3673e-05
0.555556 2.41854e-05
0.565657 2.27507e-05
0.575758 2.36218e-05
0.585859 2.15722e-05
0.59596 2.08548e-05
0.606061 1.90102e-05
0.616162 1.73192e-05
0.626263 1.63969e-05
0.636364 1.69605e-05
0.646465 1.69093e-05
0.656566 1.61919e-05
0.666667 1.42448e-05
0.676768 1.37836e-05
0.686869 1.22977e-05
0.69697 1.12216e-05
0.707071 1.22464e-05
0.717172 1.13753e-05
0.727273 1.04018e-05
0.737374 1.09142e-05
0.747475 1.01968e-05
0.757576 9.99186e-06
0.767677 1.11191e-05
0.777778 9.94062e-06
0.787879 9.99186e-06
0.79798 8.65961e-06
0.808081 8.65961e-06
0.818182 6.40504e-06
0.828283 8.30093e-06
0.838384 6.14884e-06
0.848485 8.35217e-06
0.858586 6.45628e-06
0.868687 5.84139e-06
0.878788 7.1224e-06
0.888889 5.73891e-06
0.89899 5.38023e-06
0.909091 6.55876e-06
0.919192 5.07279e-06
0.929293 5.48271e-06
0.939394 4.45791e-06
0.949495 4.61163e-06
0.959596 4.81659e-06
0.969697 5.63643e-06
0.979798 5.07279e-06
0.989899 3.99674e-06
1 0.00021854

rti::triangle_geometry_from_gmsh ../resources/cylinder/c45.msh 33554432rays 33532052hits 22380nonhits

