Using 1 threads
Info    : Reading '../resources/cylinder/c45.msh'...
Info    : 78171 nodes
Info    : 157480 elements
 20%    : Reading elements                                           20%    : Reading elements                                           40%    : Reading elements                                           40%    : Reading elements                                           60%    : Reading elements                                           60%    : Reading elements                                           80%    : Reading elements                                           80%    : Reading elements                                          100%    : Reading elements                                                                                    Info    : Done reading '../resources/cylinder/c45.msh'
0 1
0.01 0.405057
0.02 0.163251
0.03 0.0757778
0.04 0.0399488
0.05 0.0232728
0.06 0.0146949
0.07 0.00977388
0.08 0.00683816
0.09 0.00494849
0.1 0.0036707
0.11 0.00283482
0.12 0.00223078
0.13 0.00176541
0.14 0.00141751
0.15 0.0011651
0.16 0.000971296
0.17 0.000822679
0.18 0.000683269
0.19 0.000589206
0.2 0.000517923
0.21 0.000440537
0.22 0.00037988
0.23 0.000332165
0.24 0.00030423
0.25 0.000265301
0.26 0.000241154
0.27 0.000209379
0.28 0.000189966
0.29 0.000169502
0.3 0.000153772
0.31 0.000141725
0.32 0.000132361
0.33 0.000115842
0.34 0.000111107
0.35 9.76925e-05
0.36 8.9854e-05
0.37 8.49088e-05
0.38 7.4966e-05
0.39 7.19673e-05
0.4 6.82848e-05
0.41 6.31292e-05
0.42 5.63429e-05
0.43 5.55011e-05
0.44 4.83465e-05
0.45 4.57687e-05
0.46 4.4927e-05
0.47 3.89823e-05
0.48 4.09288e-05
0.49 3.45633e-05
0.5 3.38794e-05
0.51 3.38268e-05
0.52 3.13542e-05
0.53 2.93025e-05
0.54 2.63039e-05
0.55 2.44626e-05
0.56 2.27791e-05
0.57 2.30422e-05
0.58 2.36735e-05
0.59 2.06222e-05
0.6 1.96753e-05
0.61 2.01488e-05
0.62 1.85179e-05
0.63 1.76236e-05
0.64 1.6624e-05
0.65 1.62032e-05
0.66 1.46249e-05
0.67 1.56771e-05
0.68 1.32571e-05
0.69 1.26258e-05
0.7 1.25732e-05
0.71 1.28889e-05
0.72 1.17841e-05
0.73 1.11528e-05
0.74 1.08898e-05
0.75 1.15211e-05
0.76 8.57506e-06
0.77 9.62721e-06
0.78 8.99592e-06
0.79 1.03111e-05
0.8 8.68027e-06
0.81 8.57506e-06
0.82 7.15465e-06
0.83 7.41769e-06
0.84 7.04943e-06
0.85 7.41769e-06
0.86 6.10249e-06
0.87 6.839e-06
0.88 6.04989e-06
0.89 5.83946e-06
0.9 6.31292e-06
0.91 5.89206e-06
0.92 6.1551e-06
0.93 4.89252e-06
0.94 5.57642e-06
0.95 4.94512e-06
0.96 4.41905e-06
0.97 5.4712e-06
0.98 4.57687e-06
0.99 4.1034e-06
1 0.000220058

rti::triangle_geometry_from_gmsh ../resources/cylinder/c45.msh 33554432rays 33554415hits 17nonhits

